100
1 1779 1538
2 886 1592
3 1214 849
4 44 1267
5 606 265
6 212 768
7 1622 1439
8 1896 1453
9 230 1360
10 645 844
11 1749 1925
12 1522 773
13 1627 1975
14 340 1812
15 567 1339
16 1999 1916
17 1810 1356
18 529 697
19 1687 689
20 1989 184
21 1094 1685
22 1570 1523
23 846 1610
24 1947 858
25 640 1760
26 566 831
27 1920 1085
28 1914 102
29 1926 1597
30 932 1469
31 1821 1576
32 1765 1819
33 721 153
34 715 1149
35 154 498
36 714 1477
37 881 146
38 897 1977
39 1836 821
40 177 481
41 11 1856
42 233 999
43 802 141
44 523 730
45 461 378
46 1817 76
47 193 1694
48 1861 484
49 574 183
50 238 1553
51 1362 851
52 1894 683
53 1765 1099
54 1167 1935
55 119 1863
56 134 441
57 87 1154
58 1878 1704
59 1486 638
60 38 1635
61 1453 1261
62 203 1945
63 489 1549
64 1593 1712
65 180 319
66 1351 1596
67 182 1530
68 196 637
69 356 1519
70 602 1226
71 1021 726
72 1196 1810
73 1083 780
74 825 382
75 1104 676
76 1425 1969
77 803 68
78 1788 594
79 1266 389
80 1705 477
81 1072 1242
82 1364 728
83 408 161
84 188 539
85 1495 1277
86 21 948
87 1825 1847
88 360 429
89 730 1163
90 937 412
91 1976 1995
92 1070 8
93 588 277
94 1096 1678
95 1304 1742
96 1670 90
97 661 1518
98 1109 1155
99 1537 1165
100 1976 1899
