120
1 893 1525
2 581 1075
3 665 1413
4 677 939
5 157 253
6 400 1334
7 1385 954
8 113 1691
9 118 1554
10 1326 22
11 1509 867
12 1578 1131
13 1185 1463
14 1521 1516
15 482 820
16 1545 1326
17 820 1773
18 262 40
19 769 559
20 1750 1599
21 563 1551
22 358 1928
23 1407 685
24 1123 1561
25 1734 1542
26 441 549
27 1615 263
28 1879 1553
29 1854 232
30 1525 1748
31 1383 454
32 450 514
33 376 124
34 670 678
35 639 1929
36 1529 784
37 345 540
38 523 406
39 1969 72
40 1155 73
41 663 464
42 697 171
43 1533 515
44 728 911
45 415 473
46 1147 1321
47 1752 1993
48 1677 813
49 170 510
50 1197 565
51 1239 1497
52 1980 1488
53 1061 1335
54 1219 1524
55 691 641
56 1157 878
57 353 1147
58 1442 1128
59 842 515
60 426 426
61 1426 158
62 899 1324
63 254 1486
64 1132 787
65 1169 1909
66 1648 1063
67 1428 809
68 537 1904
69 1881 1260
70 1824 31
71 620 379
72 933 1208
73 937 197
74 1794 640
75 1953 1055
76 1543 1352
77 494 674
78 1343 32
79 718 1352
80 856 877
81 307 1792
82 1867 53
83 684 396
84 1349 348
85 969 525
86 447 1075
87 1097 1118
88 646 791
89 1653 1334
90 1011 14
91 1811 1893
92 1533 935
93 762 1676
94 1613 935
95 496 1906
96 1537 1135
97 1289 1543
98 636 341
99 1818 358
100 1213 591
101 878 1007
102 1603 1256
103 584 1138
104 1728 1354
105 211 1564
106 1435 1982
107 155 498
108 1776 919
109 1592 447
110 278 1984
111 986 217
112 1392 1280
113 746 1899
114 1705 11
115 1642 370
116 1180 1821
117 813 1648
118 1491 4
119 1327 741
120 1946 977
