140
1 1825 831
2 943 481
3 1185 1020
4 402 405
5 1957 121
6 427 1880
7 1413 1292
8 986 339
9 1316 967
10 774 486
11 1241 1762
12 482 1652
13 215 798
14 830 860
15 1458 984
16 549 1972
17 481 515
18 370 1380
19 1212 1108
20 214 1241
21 1724 1582
22 300 1925
23 79 1222
24 1079 1364
25 963 977
26 1060 1038
27 660 426
28 1555 1435
29 219 995
30 681 1756
31 618 457
32 1723 1833
33 940 173
34 1025 185
35 766 819
36 1620 1186
37 1550 1640
38 1143 1149
39 190 1601
40 434 1541
41 1109 1978
42 1686 146
43 533 460
44 478 1538
45 349 1035
46 1700 468
47 927 1127
48 1950 1679
49 287 1221
50 1091 1061
51 38 849
52 735 639
53 829 447
54 484 1703
55 1835 614
56 1057 1077
57 460 414
58 779 445
59 1108 428
60 569 1851
61 1104 1005
62 1460 23
63 860 226
64 139 916
65 1402 522
66 810 1303
67 1163 725
68 1884 1789
69 1208 1123
70 1371 1413
71 53 331
72 1080 132
73 1378 1136
74 804 1762
75 1988 1488
76 956 1435
77 1310 1942
78 1627 1137
79 644 765
80 1727 1019
81 1191 1505
82 1286 736
83 624 963
84 964 208
85 736 310
86 1408 403
87 1548 872
88 510 1
89 442 1681
90 1835 1981
91 185 1847
92 168 1095
93 338 842
94 312 694
95 893 555
96 326 518
97 778 292
98 223 1129
99 920 382
100 182 24
101 898 1031
102 1009 49
103 1012 1207
104 1843 420
105 1860 1702
106 1945 1842
107 511 1741
108 449 1069
109 1825 901
110 1374 837
111 40 641
112 196 1719
113 740 4
114 722 1933
115 1771 39
116 656 554
117 847 1031
118 1730 1234
119 1581 49
120 23 1
121 1375 699
122 923 1142
123 1013 328
124 372 6
125 257 1602
126 1680 644
127 874 1191
128 196 1959
129 543 677
130 598 1649
131 1285 519
132 1842 709
133 166 1012
134 1769 1853
135 243 465
136 202 1524
137 938 1278
138 218 192
139 1441 911
140 730 1535
