160
1 139 1056
2 558 451
3 857 552
4 1431 1629
5 856 184
6 175 1026
7 1885 47
8 119 379
9 752 1852
10 827 1298
11 289 1398
12 1966 1831
13 1308 720
14 1741 818
15 430 1443
16 302 1747
17 1513 347
18 1198 1808
19 1286 865
20 717 1203
21 1661 1409
22 1832 418
23 1504 1611
24 1436 594
25 1178 863
26 1386 936
27 677 766
28 454 259
29 47 1971
30 1259 1859
31 1634 1754
32 1570 1780
33 468 226
34 442 1654
35 1175 1750
36 1330 1806
37 1000 1160
38 142 692
39 405 1966
40 373 1359
41 1010 1269
42 1170 780
43 963 550
44 1710 1669
45 414 102
46 1805 1388
47 1674 951
48 164 160
49 1368 1428
50 1869 1318
51 1172 1881
52 590 1292
53 461 83
54 1820 539
55 90 1747
56 1408 278
57 574 975
58 1902 1260
59 1568 1692
60 1246 341
61 1768 853
62 1249 1949
63 1053 1403
64 385 554
65 387 348
66 280 1711
67 898 55
68 1153 312
69 937 1897
70 58 1062
71 1888 625
72 135 1392
73 1584 464
74 893 197
75 118 1104
76 1785 1471
77 239 1701
78 729 1110
79 976 342
80 1985 921
81 1255 866
82 1389 1797
83 1638 191
84 55 500
85 546 1189
86 1878 539
87 1828 1206
88 547 1909
89 503 1548
90 1990 1530
91 878 1880
92 1127 237
93 494 1673
94 1648 687
95 1604 630
96 732 991
97 1782 161
98 1038 114
99 12 1244
100 1859 40
101 586 7
102 452 1358
103 1464 1157
104 107 1775
105 681 1486
106 1614 851
107 1631 1498
108 1611 564
109 1003 1623
110 1758 1654
111 415 298
112 392 1993
113 36 1515
114 705 335
115 765 367
116 1235 159
117 660 1840
118 1936 1573
119 1726 706
120 1282 1979
121 110 1869
122 829 890
123 736 1570
124 983 200
125 992 475
126 1032 1554
127 956 1917
128 529 500
129 1732 335
130 1296 1365
131 1534 1978
132 245 1997
133 47 1344
134 424 98
135 1508 290
136 1133 1754
137 1961 96
138 1726 1862
139 21 228
140 1779 1360
141 1201 1674
142 51 790
143 1585 373
144 1538 498
145 1508 278
146 719 483
147 18 132
148 1146 86
149 287 68
150 879 1378
151 1223 40
152 862 1568
153 1517 1764
154 174 1355
155 727 1825
156 406 218
157 1828 221
158 1703 374
159 378 88
160 1105 1601
