180
1 778 1488
2 222 1518
3 1450 895
4 624 1407
5 2103 1150
6 207 1509
7 653 1793
8 1500 569
9 2479 1638
10 1014 117
11 1473 1755
12 482 999
13 81 531
14 2441 2163
15 1021 607
16 725 1394
17 916 1491
18 1050 672
19 617 1045
20 1159 459
21 2403 1203
22 1816 2456
23 2316 402
24 21 1125
25 2355 283
26 2241 2319
27 1768 2386
28 195 1632
29 1827 2413
30 2231 372
31 217 1344
32 2155 951
33 1071 2207
34 917 455
35 478 983
36 1042 279
37 298 1579
38 649 1625
39 1051 1859
40 1749 2497
41 90 1365
42 2269 152
43 249 408
44 876 301
45 648 2135
46 1560 1211
47 1310 412
48 81 890
49 1938 1468
50 629 1001
51 101 772
52 2252 284
53 768 472
54 1503 2150
55 507 1676
56 1025 1307
57 1107 47
58 1471 2268
59 927 1507
60 1808 1255
61 1636 2006
62 929 606
63 234 1444
64 1907 1945
65 470 107
66 1420 1758
67 465 1498
68 2471 249
69 2023 2413
70 1243 2389
71 772 1591
72 2213 807
73 119 335
74 833 622
75 1532 1343
76 1444 1838
77 1726 2062
78 1260 2104
79 1008 944
80 762 796
81 1510 2308
82 673 2222
83 1524 1801
84 2190 1880
85 376 2145
86 2252 2095
87 2229 25
88 298 670
89 2234 530
90 660 661
91 340 2152
92 205 1820
93 142 1363
94 1440 945
95 893 2270
96 386 287
97 1751 1992
98 2456 1502
99 993 106
100 2486 1600
101 1618 223
102 1514 2082
103 1450 1913
104 1081 1848
105 1073 2417
106 587 2469
107 1820 2157
108 955 1136
109 958 1908
110 1742 1205
111 692 2207
112 2216 922
113 1881 1363
114 742 1812
115 848 523
116 2003 1112
117 1478 2183
118 1344 79
119 2031 2478
120 2436 497
121 1421 723
122 856 2059
123 1500 1487
124 588 598
125 1352 1145
126 1372 2302
127 536 1781
128 2494 527
129 1936 311
130 487 554
131 242 524
132 958 1677
133 2109 1382
134 1716 1770
135 1145 2031
136 1038 1747
137 72 2425
138 1209 56
139 596 1726
140 775 1373
141 32 2043
142 2463 328
143 481 705
144 1386 18
145 28 1928
146 1766 2296
147 1452 2325
148 576 373
149 1772 355
150 2296 2190
151 2266 2352
152 572 571
153 636 1875
154 1910 1512
155 1599 2225
156 653 1436
157 621 1522
158 426 1464
159 2019 2251
160 455 956
161 684 1969
162 2196 455
163 743 335
164 1733 1835
165 630 2377
166 2267 617
167 563 1238
168 363 617
169 1808 1986
170 560 368
171 422 569
172 441 1471
173 1073 870
174 1456 1353
175 2093 520
176 2004 1729
177 1147 1207
178 74 1221
179 1014 2455
180 334 2066
