200
1 711 749
2 1293 2175
3 2353 2221
4 3 2410
5 1235 1254
6 666 286
7 467 93
8 720 2207
9 1338 1287
10 909 2322
11 1695 1387
12 854 1144
13 137 414
14 504 691
15 307 467
16 2204 2476
17 150 589
18 1526 1448
19 1767 1077
20 632 968
21 2275 79
22 1886 443
23 2021 422
24 1647 679
25 2407 2147
26 2437 960
27 202 1355
28 1195 2291
29 920 1085
30 1583 897
31 1135 121
32 1886 1011
33 113 2366
34 142 385
35 932 2250
36 472 2101
37 1778 1036
38 1577 1149
39 1640 1151
40 1313 470
41 769 1838
42 1427 1992
43 1057 1217
44 1447 1747
45 109 1475
46 1722 1646
47 71 2297
48 1220 954
49 934 1571
50 2287 843
51 1973 1538
52 2325 112
53 187 1215
54 829 2411
55 897 877
56 399 1411
57 2230 160
58 2469 2224
59 1989 1283
60 1137 307
61 942 956
62 1532 1894
63 2495 92
64 1968 1218
65 2343 362
66 2459 621
67 1188 1786
68 593 2454
69 1680 1535
70 1298 1225
71 252 2215
72 972 1103
73 1601 987
74 675 2139
75 976 637
76 780 407
77 1329 1804
78 1532 1118
79 359 1698
80 2025 162
81 882 1793
82 2096 88
83 1841 1503
84 1154 2133
85 2262 1719
86 2440 339
87 2067 1256
88 1779 1931
89 1981 813
90 1445 495
91 758 622
92 2047 2011
93 143 1227
94 2023 1019
95 1860 580
96 746 874
97 2356 725
98 762 2336
99 1930 1000
100 2415 1515
101 2353 2336
102 2177 347
103 1401 1967
104 1541 677
105 1379 1217
106 2422 1973
107 1844 853
108 25 1600
109 1661 1615
110 2071 2377
111 345 224
112 1152 694
113 112 317
114 472 1431
115 1292 1606
116 2480 1842
117 376 2250
118 1494 741
119 1265 931
120 2012 1273
121 482 967
122 2356 1482
123 19 967
124 856 2173
125 1471 1690
126 726 383
127 1227 1298
128 2035 97
129 2308 1507
130 649 1539
131 722 1365
132 834 909
133 1272 1852
134 2313 2108
135 1004 467
136 488 703
137 1056 1892
138 1511 1808
139 1455 2149
140 1182 48
141 1941 705
142 88 43
143 2493 1674
144 297 1370
145 1491 132
146 605 1881
147 465 1114
148 882 97
149 2300 453
150 1189 870
151 1799 2408
152 1525 2037
153 1354 1946
154 162 886
155 2030 2298
156 479 257
157 2012 903
158 1014 2448
159 1331 590
160 1713 673
161 1302 2378
162 2216 1918
163 2012 1146
164 1744 241
165 1302 960
166 88 805
167 63 901
168 1301 1026
169 1225 1545
170 200 2095
171 866 1966
172 2175 1162
173 185 1632
174 371 1645
175 73 190
176 979 1532
177 1109 1713
178 1846 2278
179 1962 1863
180 1025 1634
181 398 2342
182 1332 1046
183 681 1515
184 40 273
185 1063 2487
186 1659 2371
187 2454 174
188 165 734
189 1314 949
190 2431 2034
191 2382 981
192 179 40
193 1749 588
194 1709 2445
195 1284 1433
196 1199 1659
197 656 721
198 2330 1794
199 1570 1676
200 705 305
