220
1 1772 1816
2 2078 682
3 1092 1296
4 113 357
5 2185 1934
6 1513 2242
7 2344 844
8 898 2164
9 1583 1841
10 908 1791
11 1619 2066
12 1318 2426
13 873 429
14 1041 2130
15 2479 2471
16 915 1863
17 1229 1038
18 2103 873
19 186 2214
20 1975 318
21 1990 2269
22 708 191
23 982 2267
24 2260 2411
25 2005 1538
26 154 275
27 1884 677
28 676 1164
29 1729 2445
30 2280 1607
31 2002 1700
32 1850 465
33 2380 507
34 2245 1322
35 2231 8
36 1720 790
37 1622 1013
38 1392 348
39 2498 1538
40 712 2161
41 810 431
42 1755 2249
43 330 141
44 1397 1277
45 650 1786
46 962 660
47 1080 2245
48 2070 212
49 2180 2178
50 1608 798
51 631 1345
52 2415 340
53 2458 1782
54 1293 408
55 1400 695
56 1333 1708
57 182 699
58 1140 344
59 1837 1530
60 310 461
61 1810 1015
62 508 1090
63 660 2207
64 1345 1404
65 1730 1317
66 1308 2037
67 1579 792
68 2034 2435
69 1923 2400
70 1209 1816
71 621 1337
72 1975 1893
73 1441 447
74 261 189
75 617 900
76 1903 1885
77 49 2061
78 2362 578
79 1669 810
80 2309 2468
81 804 479
82 1286 1205
83 1186 276
84 804 2397
85 281 1500
86 1275 641
87 2119 2293
88 1566 544
89 1210 1769
90 1046 1183
91 1967 2364
92 2463 850
93 47 1754
94 1057 616
95 811 52
96 1827 701
97 764 1060
98 44 201
99 2223 1333
100 1225 1424
101 1231 368
102 290 382
103 2416 833
104 1398 597
105 334 1690
106 2383 1404
107 933 1754
108 341 1326
109 1893 1004
110 288 2496
111 1283 1181
112 879 765
113 1181 245
114 1232 1772
115 2196 1064
116 555 2128
117 2350 965
118 1755 1830
119 658 1428
120 388 1733
121 1345 1198
122 592 1040
123 691 1585
124 614 1054
125 796 1787
126 262 218
127 1749 77
128 93 2382
129 2098 1492
130 2319 1202
131 156 384
132 2133 286
133 950 978
134 1476 1778
135 754 2241
136 1733 1500
137 251 93
138 2059 1716
139 219 2289
140 1629 1118
141 184 1820
142 2337 2310
143 1667 1518
144 1278 2449
145 1400 2228
146 798 295
147 1617 318
148 628 780
149 2075 1498
150 876 2055
151 911 1677
152 436 2143
153 28 2331
154 1327 2219
155 1164 983
156 1910 312
157 731 856
158 859 1051
159 260 2214
160 150 800
161 1360 1378
162 1073 2368
163 2039 354
164 1267 1787
165 1319 596
166 2201 2430
167 648 2037
168 831 1194
169 1593 2292
170 1339 2491
171 863 1305
172 2437 2400
173 1982 765
174 1993 1760
175 1449 2429
176 671 1498
177 1235 1405
178 2457 218
179 39 1665
180 1926 1426
181 827 1849
182 1141 748
183 2243 2451
184 884 1583
185 188 177
186 1753 478
187 17 663
188 2269 196
189 1808 2189
190 2060 1989
191 2247 1505
192 1713 385
193 2359 846
194 2227 888
195 2058 1415
196 261 887
197 1158 622
198 184 2349
199 987 1333
200 541 1097
201 535 326
202 835 1205
203 1170 77
204 2184 2045
205 1952 1911
206 1348 1843
207 1865 1492
208 1937 354
209 123 1397
210 156 825
211 625 1653
212 2442 386
213 2338 684
214 2435 2307
215 1899 1454
216 1309 1011
217 559 1387
218 1372 2288
219 1801 972
220 1541 2194
