240
1 1302 1662
2 1750 811
3 2338 1367
4 351 245
5 25 1959
6 1533 2185
7 1482 1275
8 903 1598
9 1194 129
10 1246 172
11 216 1512
12 378 850
13 1823 1046
14 2032 2157
15 1325 2166
16 629 2259
17 1458 1407
18 1574 1773
19 1782 1957
20 627 486
21 1529 2008
22 2298 651
23 503 1399
24 2473 923
25 906 1625
26 1795 1918
27 665 2291
28 1311 531
29 1610 926
30 2025 524
31 685 1527
32 828 1787
33 1546 2147
34 122 574
35 835 2285
36 2037 872
37 2225 362
38 804 917
39 1807 130
40 243 1499
41 24 1718
42 2018 2019
43 1099 1487
44 2086 165
45 1509 2332
46 248 948
47 2186 657
48 775 688
49 414 974
50 2131 2321
51 2498 1010
52 1073 1370
53 1637 1555
54 400 814
55 53 2133
56 255 525
57 876 1224
58 2325 438
59 1092 1947
60 1038 707
61 2283 580
62 2097 215
63 1763 142
64 2099 2002
65 371 587
66 2373 1764
67 482 2394
68 462 739
69 1377 410
70 486 5
71 513 345
72 1431 918
73 126 1664
74 75 430
75 2233 1781
76 1603 1181
77 382 1679
78 2051 1753
79 588 2007
80 2217 1151
81 1871 585
82 624 2374
83 2260 1443
84 707 630
85 144 2457
86 1291 2190
87 246 1439
88 1673 2452
89 1815 50
90 281 1417
91 920 1796
92 1599 522
93 433 915
94 307 1600
95 737 2221
96 1656 761
97 2223 1729
98 2163 2197
99 279 2431
100 220 1886
101 1991 2080
102 1256 958
103 711 2192
104 1765 1741
105 1192 1221
106 947 1697
107 2428 1347
108 290 420
109 519 1763
110 60 740
111 2365 487
112 660 1025
113 1096 71
114 1741 1477
115 593 797
116 529 713
117 2249 1723
118 2473 587
119 223 2385
120 1184 1469
121 1941 2432
122 2029 213
123 2025 1841
124 134 1912
125 1057 1458
126 593 2154
127 2467 922
128 312 2411
129 1831 1738
130 1560 2059
131 1285 1708
132 696 215
133 761 1791
134 1871 254
135 483 1230
136 2226 2439
137 60 1426
138 321 878
139 1034 686
140 2311 1280
141 2170 1695
142 813 2
143 489 447
144 1136 1764
145 419 663
146 1231 2056
147 1343 601
148 1286 546
149 990 2408
150 1869 2433
151 431 1724
152 31 2037
153 1792 318
154 1091 629
155 378 2104
156 1568 1820
157 1889 2458
158 1849 1387
159 2460 1402
160 1111 214
161 2456 2147
162 1880 1890
163 295 1219
164 1347 130
165 1702 963
166 488 201
167 60 427
168 1701 1785
169 1338 381
170 2410 1023
171 771 2357
172 2237 1129
173 702 1113
174 42 1682
175 254 188
176 1983 2051
177 2106 1436
178 952 1786
179 17 1001
180 1503 1534
181 2177 355
182 814 2174
183 1683 1035
184 821 401
185 2290 1534
186 1884 1263
187 536 1063
188 141 683
189 588 1038
190 99 965
191 1836 652
192 2426 2485
193 2409 2001
194 592 2320
195 1964 467
196 2311 2296
197 924 2312
198 1239 251
199 2127 536
200 174 102
201 1249 1979
202 1913 324
203 910 692
204 1947 671
205 2481 2356
206 1302 320
207 1956 1612
208 245 1116
209 262 352
210 224 1540
211 1774 1692
212 1448 509
213 793 2325
214 2357 1226
215 2189 561
216 1437 1269
217 920 405
218 1715 305
219 1995 2205
220 195 1662
221 2417 2219
222 2358 704
223 579 1533
224 1280 385
225 1116 1581
226 195 963
227 2077 1630
228 1812 1111
229 955 1028
230 945 755
231 683 589
232 1943 1710
233 1310 999
234 1635 768
235 480 724
236 719 159
237 743 1698
238 1784 711
239 2025 351
240 2402 1821
