260
1 207 463
2 267 438
3 1112 2311
4 1638 1596
5 370 400
6 1661 1403
7 2444 2352
8 253 406
9 1616 1609
10 1213 1469
11 1817 432
12 37 758
13 1976 923
14 1307 861
15 1579 1251
16 1023 2252
17 2482 960
18 2737 682
19 1482 1641
20 2152 2243
21 1186 525
22 902 2502
23 2316 65
24 2517 404
25 232 1288
26 271 1997
27 1973 2597
28 2684 1979
29 284 1163
30 1538 2365
31 1039 2604
32 1361 285
33 1323 468
34 1274 270
35 183 717
36 467 480
37 103 267
38 1813 379
39 598 231
40 1183 307
41 1577 1830
42 1555 1326
43 104 534
44 2521 2019
45 2390 2045
46 1042 2233
47 924 2553
48 1143 1601
49 907 150
50 819 944
51 71 1507
52 2772 494
53 1697 528
54 1948 2339
55 522 2035
56 991 1826
57 324 771
58 1358 492
59 1593 60
60 354 521
61 1641 1543
62 1183 1062
63 2377 799
64 1911 1885
65 2313 1090
66 1731 1711
67 2781 82
68 63 1381
69 1613 604
70 990 1043
71 1866 997
72 1275 1111
73 1465 824
74 178 102
75 1515 2551
76 739 435
77 2171 1948
78 2627 1368
79 580 1188
80 2423 1410
81 564 238
82 2200 1903
83 111 91
84 2156 1146
85 184 1481
86 783 1119
87 2162 1522
88 1608 1380
89 1886 233
90 1471 1551
91 2016 1848
92 1781 2118
93 1156 1184
94 2106 2475
95 28 735
96 2213 1747
97 2173 1248
98 2066 962
99 1581 2628
100 1335 384
101 1993 1829
102 2071 912
103 2219 673
104 549 828
105 2717 136
106 945 434
107 1266 2744
108 605 2616
109 1354 2559
110 88 2385
111 692 1270
112 881 1482
113 2296 1534
114 2100 1247
115 461 82
116 468 596
117 565 2240
118 1055 799
119 261 2509
120 447 1601
121 331 1772
122 1715 1140
123 2003 2685
124 530 858
125 1008 1145
126 1292 1978
127 257 1218
128 1059 226
129 2091 2243
130 2118 14
131 2147 418
132 1359 1658
133 303 2361
134 1103 1017
135 408 2600
136 314 1744
137 467 853
138 1594 1319
139 2494 299
140 700 438
141 1715 1006
142 1293 738
143 1611 260
144 340 672
145 2576 1783
146 448 626
147 773 1519
148 2763 1644
149 196 847
150 1177 1588
151 2351 2784
152 860 1487
153 279 1091
154 1602 1228
155 1948 1523
156 199 1435
157 652 2792
158 2370 408
159 1266 393
160 219 682
161 966 2290
162 2709 71
163 2072 1849
164 1560 2039
165 2521 593
166 2221 2457
167 2470 886
168 2389 1672
169 616 1071
170 897 735
171 2480 2722
172 2144 626
173 2047 2080
174 2247 2597
175 438 14
176 926 1086
177 591 2678
178 67 2683
179 402 65
180 2082 2639
181 2445 2615
182 1967 1539
183 1957 2627
184 2510 2234
185 1208 844
186 803 350
187 2228 703
188 1944 636
189 1938 1733
190 971 446
191 1533 1368
192 1108 2286
193 790 736
194 1822 715
195 1246 406
196 714 2297
197 214 1258
198 2711 56
199 1782 406
200 1130 967
201 2480 1271
202 1202 2130
203 826 1567
204 647 1544
205 1336 2176
206 1370 1323
207 2709 1056
208 2330 2181
209 185 706
210 36 533
211 2505 880
212 2301 1839
213 1842 363
214 2030 1190
215 2695 2436
216 2058 568
217 1254 1314
218 1446 1939
219 1355 2321
220 1154 450
221 1342 500
222 1525 1285
223 663 1428
224 1886 966
225 404 1324
226 834 1387
227 1789 1227
228 1616 2175
229 2133 1011
230 1275 486
231 1728 1263
232 2056 1928
233 1593 2784
234 1441 609
235 1936 459
236 1324 2559
237 1009 366
238 459 1058
239 541 507
240 2241 207
241 2143 1533
242 1814 1240
243 421 2753
244 2653 260
245 2158 2621
246 531 2278
247 1497 1097
248 2314 2588
249 1473 437
250 2649 2194
251 1277 548
252 2279 2322
253 1748 273
254 2202 594
255 1798 2093
256 2771 887
257 2700 943
258 2642 2072
259 2321 1811
260 430 1211
