280
1 1643 1672
2 1521 2512
3 1487 2730
4 1033 213
5 2 1706
6 699 1088
7 1355 426
8 2686 2741
9 2242 2197
10 1638 1184
11 1735 755
12 1273 2354
13 1023 2127
14 1637 1850
15 1295 2712
16 1837 2017
17 2403 970
18 1725 1677
19 2643 220
20 1095 357
21 2653 719
22 203 381
23 2650 1334
24 225 92
25 519 2192
26 2461 1461
27 747 842
28 294 243
29 765 380
30 2170 881
31 1337 55
32 2375 743
33 2076 2678
34 1868 488
35 1918 2485
36 1322 1036
37 328 1590
38 725 1829
39 519 1686
40 2496 1800
41 148 1383
42 559 192
43 600 2689
44 846 621
45 1764 794
46 2728 2001
47 1688 2368
48 1973 865
49 1270 2225
50 1465 2266
51 157 868
52 1243 2502
53 1956 2398
54 2097 2232
55 2479 1438
56 1252 1443
57 2318 436
58 1987 996
59 2553 976
60 757 940
61 1324 2621
62 1003 2537
63 960 228
64 652 2560
65 1192 2297
66 2379 873
67 2434 521
68 102 2761
69 2731 836
70 1585 474
71 2318 347
72 2107 2371
73 859 458
74 1086 2360
75 2796 1440
76 164 865
77 1580 1606
78 1795 2530
79 2687 1836
80 660 1627
81 1860 1018
82 1484 921
83 2423 436
84 410 485
85 1767 264
86 2136 479
87 618 115
88 1092 1697
89 2478 2716
90 2052 1381
91 1407 1653
92 2343 2120
93 2044 207
94 2529 1642
95 1470 192
96 372 631
97 2788 1630
98 505 626
99 2313 250
100 128 656
101 1606 492
102 1142 6
103 1679 1528
104 974 1192
105 1420 2364
106 1500 1839
107 332 231
108 1012 1639
109 1344 1209
110 1974 1396
111 142 1353
112 183 1576
113 474 1237
114 967 1769
115 930 897
116 1744 2757
117 2185 1734
118 590 2324
119 2481 2383
120 1339 2068
121 219 480
122 2446 549
123 1875 2426
124 1072 2401
125 1788 220
126 1340 2308
127 1197 1960
128 2272 390
129 1094 2537
130 1398 301
131 821 715
132 343 1186
133 619 1529
134 1849 1273
135 488 652
136 376 1838
137 1341 1124
138 1096 2739
139 2452 1529
140 669 2676
141 683 1248
142 2211 307
143 1779 2384
144 1373 359
145 793 2285
146 471 1361
147 287 553
148 1285 1808
149 2149 1403
150 1921 1518
151 2647 650
152 1815 446
153 330 530
154 2010 1228
155 2032 2763
156 708 773
157 432 465
158 1790 1184
159 1610 863
160 1871 1660
161 471 428
162 1910 1346
163 2318 254
164 922 794
165 2788 2092
166 1421 2637
167 1884 370
168 669 1758
169 1001 2530
170 2200 2027
171 243 1526
172 2174 1347
173 1504 2017
174 1430 2762
175 2454 1008
176 1035 1462
177 968 2549
178 166 1105
179 2702 651
180 549 965
181 2057 2759
182 1578 1734
183 1919 612
184 312 2131
185 1483 732
186 1364 637
187 2166 22
188 466 393
189 1759 186
190 401 901
191 1819 339
192 9 2690
193 1371 2741
194 862 2257
195 2157 1201
196 311 984
197 100 1810
198 2482 1463
199 1631 1472
200 2127 1106
201 2610 2027
202 1957 1069
203 1951 857
204 2700 2215
205 2164 1828
206 2544 577
207 268 959
208 2769 1964
209 2423 1808
210 2197 501
211 480 1608
212 1884 94
213 358 842
214 2355 124
215 2735 941
216 2087 71
217 2661 387
218 2349 2122
219 1252 376
220 2027 1757
221 51 1698
222 38 1707
223 2041 955
224 1717 243
225 2022 675
226 2153 1137
227 483 1946
228 940 2213
229 2415 1608
230 735 1424
231 2525 2019
232 1760 563
233 2663 444
234 1217 405
235 2501 209
236 59 1279
237 1359 581
238 1993 143
239 2667 2461
240 419 294
241 454 2249
242 1744 2331
243 1333 654
244 1346 978
245 702 392
246 696 431
247 1472 815
248 1157 702
249 2059 2413
250 2133 334
251 174 2366
252 491 1873
253 201 1664
254 2138 2566
255 1904 1738
256 491 846
257 2393 1635
258 2647 1085
259 2244 814
260 928 35
261 556 2404
262 2535 1488
263 1813 184
264 1998 2056
265 2619 2348
266 2536 1903
267 767 1442
268 1487 647
269 728 2456
270 1612 1444
271 2349 1007
272 513 769
273 893 2785
274 2284 692
275 1108 589
276 334 2644
277 801 368
278 1443 59
279 833 2106
280 431 1190
