300
1 1414 693
2 1882 2524
3 299 646
4 41 2723
5 422 781
6 1557 948
7 604 2350
8 1510 252
9 2888 58
10 1862 916
11 1505 790
12 1703 1437
13 2029 358
14 1126 2562
15 1005 305
16 2293 542
17 1160 652
18 1126 2288
19 1385 5
20 1243 34
21 822 221
22 2569 2491
23 300 1045
24 523 931
25 1473 2040
26 780 1470
27 1051 2829
28 1030 914
29 986 2334
30 358 742
31 2031 2247
32 544 1519
33 2123 480
34 2703 1066
35 1529 7
36 2780 521
37 754 1103
38 346 2308
39 1556 235
40 1947 1760
41 900 2925
42 1492 1827
43 2918 54
44 2135 1466
45 1482 2713
46 759 611
47 2899 776
48 909 1652
49 1606 1621
50 2070 2332
51 568 781
52 153 1289
53 2017 958
54 1016 225
55 2581 1657
56 246 1104
57 1767 1697
58 2655 2610
59 970 1142
60 434 630
61 301 2815
62 2881 2852
63 2058 2347
64 566 2859
65 476 110
66 1488 2957
67 709 809
68 1799 743
69 1905 2270
70 1839 1621
71 572 1530
72 1266 1128
73 2925 804
74 10 798
75 2807 1337
76 2738 347
77 352 1049
78 155 1058
79 2061 2281
80 2444 688
81 2539 1649
82 1321 448
83 2800 1781
84 2180 2071
85 2907 1902
86 2689 1095
87 1483 1736
88 2661 637
89 2979 403
90 1418 665
91 2347 2852
92 1695 2506
93 1877 851
94 2541 565
95 2101 2263
96 848 1468
97 2052 877
98 789 968
99 755 621
100 1134 1131
101 722 1616
102 882 796
103 2351 2892
104 157 1674
105 1054 2414
106 868 1218
107 1465 1545
108 210 2117
109 704 157
110 2833 2307
111 1216 209
112 1230 2185
113 2961 1355
114 545 2936
115 2180 601
116 1231 1811
117 2838 2646
118 813 2197
119 1054 1838
120 2411 2923
121 1663 1768
122 2170 1831
123 2699 902
124 2171 1064
125 1926 1999
126 2358 2069
127 2603 2048
128 406 2140
129 1845 578
130 2577 1519
131 2218 1249
132 2150 554
133 1266 1868
134 1505 2600
135 2153 1299
136 2585 560
137 1373 143
138 481 257
139 1200 1753
140 365 2968
141 1571 8
142 1677 2678
143 2834 1727
144 1791 1820
145 2865 253
146 2244 2619
147 911 1622
148 2287 483
149 2120 835
150 2659 638
151 81 955
152 89 319
153 938 1174
154 2477 333
155 612 2657
156 2854 2147
157 413 767
158 2865 2759
159 1974 1540
160 1062 2459
161 753 1975
162 933 2588
163 2776 2926
164 738 2209
165 1522 1249
166 1152 720
167 2832 455
168 2019 1323
169 1732 700
170 1350 1576
171 1572 898
172 1189 692
173 40 197
174 1275 2633
175 1758 2698
176 841 45
177 2266 898
178 2883 611
179 874 1629
180 2608 2442
181 2193 1102
182 907 1181
183 1805 1983
184 2264 1392
185 1987 410
186 130 4
187 1672 2883
188 931 2721
189 1884 1908
190 2267 11
191 2042 1831
192 1441 900
193 2796 2006
194 1287 2677
195 1449 2123
196 1512 1236
197 2884 2235
198 2111 1042
199 2531 1530
200 1640 1625
201 2460 2037
202 1493 1879
203 1791 100
204 2012 2695
205 783 2371
206 520 2899
207 2950 368
208 206 2792
209 2928 2806
210 55 2733
211 1728 643
212 2978 1727
213 1220 2989
214 2988 2544
215 1773 2359
216 1882 153
217 725 2562
218 2873 1424
219 2079 1046
220 2594 2928
221 2264 798
222 108 243
223 1328 458
224 969 884
225 1566 935
226 2681 2617
227 2143 2308
228 510 782
229 990 738
230 1186 2514
231 378 1026
232 2058 2058
233 2531 2243
234 2665 1792
235 1618 1675
236 2259 2348
237 317 284
238 1878 1681
239 1314 1364
240 2393 2245
241 1582 861
242 1730 931
243 1756 355
244 2179 623
245 753 919
246 1231 268
247 1301 2343
248 1209 2554
249 666 259
250 766 2982
251 1926 871
252 2958 1003
253 2147 2255
254 27 1303
255 666 921
256 1557 341
257 477 1691
258 1895 2442
259 1321 640
260 648 1836
261 2891 249
262 2234 1739
263 1750 1863
264 2682 2174
265 1272 1606
266 1148 1862
267 2373 1942
268 1110 2163
269 632 8
270 2358 1762
271 904 620
272 1889 1931
273 449 783
274 1337 2780
275 520 1937
276 2278 1387
277 2606 8
278 2693 2013
279 118 1634
280 100 1909
281 1004 2212
282 1049 2807
283 782 893
284 2444 2161
285 2364 1596
286 2999 2619
287 1269 1972
288 470 486
289 1357 1538
290 2262 872
291 1228 2176
292 787 70
293 2271 6
294 738 864
295 2071 1804
296 157 445
297 2931 706
298 2543 2718
299 1862 2276
300 424 2731
