80
1 1196 1852
2 1849 509
3 355 632
4 1676 612
5 1582 1884
6 28 1527
7 1038 1209
8 980 403
9 1960 588
10 160 1707
11 1462 215
12 1539 818
13 1702 1927
14 298 46
15 3 9
16 254 401
17 347 324
18 1049 997
19 1014 886
20 1683 872
21 1204 1956
22 620 1890
23 1301 1387
24 407 92
25 1133 1581
26 1248 1937
27 822 1174
28 1890 845
29 688 875
30 1865 309
31 1137 289
32 1048 968
33 609 504
34 1787 216
35 40 1490
36 304 642
37 1057 1680
38 1545 1203
39 1387 1062
40 359 892
41 1860 907
42 579 1374
43 221 886
44 1999 1342
45 257 355
46 679 121
47 1812 163
48 565 1770
49 1760 1458
50 1547 1449
51 1991 1879
52 1356 906
53 697 663
54 1718 1520
55 633 1862
56 1948 1322
57 694 327
58 562 515
59 743 46
60 1913 854
61 73 220
62 261 1071
63 484 1594
64 8 1633
65 1836 649
66 1509 1906
67 1816 1766
68 1827 367
69 1704 1680
70 1468 597
71 880 1221
72 1043 1577
73 243 366
74 747 1162
75 1735 1647
76 1244 1451
77 1444 1211
78 1476 414
79 422 985
80 1417 1202
