100
1 15 55
2 4 40
3 98 47
4 30 19
5 44 54
6 99 23
7 77 10
8 62 20
9 11 99
10 78 63
11 18 80
12 1 49
13 92 44
14 51 72
15 98 62
16 83 69
17 17 65
18 76 17
19 64 25
20 90 40
21 86 31
22 36 99
23 34 95
24 95 6
25 20 48
26 5 95
27 28 9
28 62 90
29 33 52
30 4 98
31 23 76
32 81 53
33 90 72
34 63 32
35 19 34
36 90 54
37 93 70
38 50 91
39 33 84
40 67 61
41 54 41
42 48 39
43 28 75
44 85 75
45 78 27
46 26 90
47 67 77
48 46 13
49 66 15
50 9 11
51 49 99
52 20 82
53 16 10
54 55 84
55 12 74
56 41 64
57 66 88
58 85 21
59 26 7
60 89 7
61 52 66
62 51 40
63 62 0
64 9 43
65 66 16
66 45 21
67 84 82
68 42 32
69 4 57
70 35 57
71 80 76
72 22 57
73 91 7
74 22 92
75 6 52
76 26 23
77 90 82
78 85 9
79 97 94
80 10 64
81 94 1
82 0 22
83 2 34
84 80 3
85 16 42
86 4 74
87 49 94
88 84 0
89 82 8
90 72 17
91 32 71
92 48 62
93 94 37
94 49 3
95 54 6
96 77 67
97 89 3
98 22 78
99 17 37
100 76 80
