100
1 8212 8584
2 2732 5542
3 2687 9498
4 9486 2468
5 7856 3537
6 2202 6817
7 395 7468
8 7035 991
9 1551 9096
10 1516 9116
11 3839 691
12 9063 686
13 1510 1101
14 3858 6552
15 8712 4873
16 483 7689
17 7433 902
18 9501 3810
19 9391 9607
20 432 6776
21 4064 2189
22 7655 4006
23 2009 8145
24 5542 4107
25 4307 3256
26 7406 8680
27 6573 9893
28 4854 8138
29 9260 9553
30 7652 365
31 3020 8078
32 9497 6503
33 6639 5120
34 7768 2140
35 2600 2371
36 3720 7195
37 1906 7812
38 8411 4040
39 4237 6164
40 3855 8938
41 746 7919
42 7685 4658
43 3978 7457
44 1278 5671
45 4550 8317
46 6882 1326
47 2764 5069
48 9443 8654
49 6424 5981
50 6415 5055
51 1162 7361
52 1949 3767
53 9214 1626
54 8073 950
55 4277 9535
56 5117 7158
57 5882 4728
58 8727 4973
59 9246 3605
60 4530 9191
61 8898 8444
62 5845 8986
63 8715 3277
64 1235 2332
65 725 8287
66 1874 9322
67 6821 1507
68 3880 8251
69 6726 5136
70 1554 8704
71 1741 2730
72 5841 6329
73 7380 6320
74 2971 1543
75 7312 7684
76 4236 4174
77 2293 3635
78 3567 6829
79 1404 8720
80 1041 1364
81 3157 1344
82 3988 3754
83 5930 8748
84 2406 9466
85 7487 6236
86 8328 4204
87 8446 1301
88 626 580
89 2768 1109
90 932 1982
91 2738 6963
92 8380 6213
93 7674 6102
94 1590 5452
95 5416 7852
96 6318 5971
97 9280 2857
98 7196 8582
99 1300 7833
100 4043 4838
