100
1 23 627
2 989 1851
3 1150 996
4 42 813
5 244 1379
6 1056 1159
7 1674 398
8 1262 2007
9 799 873
10 1425 300
11 2101 2243
12 72 1206
13 580 100
14 1753 2115
15 829 1192
16 2363 1272
17 74 1981
18 1813 405
19 156 2192
20 1915 1040
21 1880 1282
22 309 2280
23 2391 1930
24 1790 722
25 1176 1724
26 1546 1084
27 2046 2153
28 1474 1004
29 172 1456
30 1781 1737
31 588 866
32 991 1655
33 1741 2150
34 1152 2441
35 1878 1560
36 284 186
37 78 2427
38 1407 2420
39 967 1707
40 1969 98
41 2487 2368
42 1578 1060
43 2287 2421
44 156 1429
45 390 621
46 1421 1456
47 2394 860
48 1667 1110
49 2033 2228
50 1934 1002
51 950 1480
52 2116 373
53 1184 796
54 1433 1035
55 2275 1898
56 515 710
57 1254 266
58 450 182
59 168 614
60 1464 212
61 1086 909
62 777 1446
63 867 2310
64 1098 2303
65 1703 1363
66 2004 393
67 2235 2149
68 444 1368
69 758 2283
70 2105 162
71 1357 1183
72 699 984
73 945 973
74 1170 710
75 719 315
76 1789 1139
77 1029 1176
78 1424 1503
79 336 1545
80 588 796
81 500 1298
82 1356 2187
83 1637 969
84 1667 2173
85 1880 537
86 1427 1946
87 788 733
88 2190 684
89 67 903
90 1746 115
91 1290 2171
92 1466 286
93 2483 851
94 180 1606
95 8 601
96 902 1863
97 303 1119
98 592 2055
99 88 696
100 2184 1876
