100
1 584 961
2 188 544
3 544 887
4 418 842
5 881 597
6 546 83
7 385 536
8 657 505
9 337 152
10 905 571
11 185 92
12 304 45
13 466 13
14 285 219
15 589 460
16 798 705
17 60 604
18 935 758
19 769 366
20 217 86
21 458 846
22 556 205
23 642 125
24 330 298
25 469 713
26 450 998
27 45 16
28 641 124
29 553 436
30 695 672
31 773 329
32 562 158
33 43 884
34 452 484
35 956 517
36 895 965
37 119 299
38 124 199
39 997 92
40 907 607
41 132 303
42 220 362
43 501 640
44 234 4
45 878 964
46 270 676
47 733 100
48 176 593
49 738 302
50 428 144
51 157 675
52 981 261
53 734 260
54 128 870
55 815 291
56 323 482
57 70 632
58 284 507
59 730 517
60 435 282
61 301 116
62 797 4
63 629 44
64 824 397
65 813 885
66 271 403
67 197 684
68 99 634
69 759 801
70 336 820
71 976 568
72 884 926
73 344 493
74 235 660
75 246 46
76 5 471
77 978 558
78 72 498
79 665 109
80 550 551
81 225 733
82 220 240
83 527 228
84 34 582
85 242 610
86 715 949
87 368 164
88 423 972
89 474 650
90 353 542
91 931 266
92 459 375
93 382 400
94 817 675
95 189 497
96 923 607
97 320 322
98 747 109
99 719 868
100 452 687
